,open,high,low,close
20161116,810.14,817.93,810.14,815.33
20161111,804.94,811.87,797.15,811.87
20161104,809.27,811.0,800.61,805.81
20161028,807.54,822.26,806.67,811.0
20161021,803.21,807.54,798.88,807.54
20161014,804.94,811.0,799.75,804.08
20160930,807.54,807.54,797.15,802.34
20160923,800.61,812.74,798.88,809.27
20160914,821.4,823.99,800.61,801.48
20160909,836.12,836.12,827.46,829.19
20160902,831.79,841.31,829.19,835.25
20160826,839.58,840.45,825.73,835.25
20160819,843.91,865.56,833.52,840.45
20160812,799.75,842.18,797.15,839.58
20160805,811.87,825.73,790.22,799.75
20160729,790.22,817.07,788.49,813.6
20160722,795.42,803.21,789.36,791.09
20160715,774.63,800.61,773.77,795.42
20160708,769.44,784.16,767.71,773.77
20160701,759.05,773.77,756.45,771.17
20160624,760.78,772.9,754.72,759.05
20160617,760.71,762.51,750.6,759.91
20160608,764.32,766.48,759.99,763.59
20160603,745.55,768.65,741.95,763.59
20160527,751.33,752.05,739.78,747.0
20160520,750.6,754.21,739.78,749.16
20160513,763.59,765.76,745.55,752.77
20160506,769.37,781.63,765.04,765.04
20160429,767.92,782.36,757.82,768.65
20160422,786.69,788.85,753.49,767.2
20160415,770.81,797.51,770.81,791.02
20160408,772.25,785.96,763.59,768.65
20160401,772.25,781.63,754.93,775.14
20160325,767.2,795.35,763.59,770.09
20160318,742.67,768.65,739.06,766.48
20160311,752.77,762.87,723.18,739.06
20160304,712.36,763.59,685.66,756.38
20160226,736.89,749.88,698.65,712.36
20160219,702.98,743.39,702.26,730.4
20160205,726.07,729.68,708.75,721.74
20160129,756.38,759.26,698.65,727.51
20160122,752.05,785.24,743.39,756.38
20160115,799.67,805.45,757.82,760.71
20160108,871.84,874.0,792.46,808.33
20151231,902.87,905.03,868.23,871.12
20151225,881.94,928.12,879.78,901.42
20151218,852.35,911.53,850.91,888.43
20151211,884.83,889.88,852.35,859.57
20151204,851.63,925.96,835.76,880.5
20151127,911.53,915.13,837.92,852.35
20151120,881.22,922.35,878.33,911.53
20151113,907.92,971.42,885.55,889.16
20151106,819.16,912.97,800.4,899.98
20151030,842.97,858.13,817.72,825.65
20151023,819.16,853.8,810.5,833.59
20151016,796.79,827.1,793.18,816.27
20151009,788.85,796.07,778.03,792.46
20150930,767.92,770.09,750.6,762.87
20150925,778.03,804.0,759.99,767.2
20150918,798.95,809.78,759.99,785.96
20150911,839.36,840.09,770.09,796.79
20150902,778.75,871.84,762.15,860.29
20150828,806.89,811.94,677.0,787.41
20150821,915.86,925.24,832.87,835.76
20150814,919.46,943.28,902.15,918.02
20150807,886.27,943.28,882.66,915.86
20150731,962.04,967.09,873.28,897.82
20150724,1001.73,1001.73,967.09,971.42
20150717,1045.03,1080.39,972.86,1003.17
20150710,1037.81,1114.3,879.78,1078.22
20150703,1021.93,1058.74,925.96,949.05
20150626,1062.35,1133.79,971.42,999.56
20150619,1198.73,1203.78,1052.24,1061.62
20150612,1183.58,1265.12,1174.2,1197.29
20150605,1112.14,1218.22,1102.03,1182.13
20150529,1185.74,1226.15,1096.26,1111.42
20150522,1102.76,1182.13,1086.16,1179.97
20150515,1146.05,1178.53,1107.81,1120.8
20150508,1211.0,1211.0,1123.68,1149.66
20150430,1175.64,1260.07,1174.92,1211.0
20150424,1239.86,1247.08,1159.04,1170.59
20150417,1232.65,1268.73,1167.7,1227.6
20150410,966.61,1186.1,966.61,1186.1
20150403,911.29,993.67,903.47,948.57
20150327,917.3,932.93,880.02,902.27
20150320,903.47,945.56,892.64,916.7
20150313,805.45,934.14,796.43,896.85
20150306,839.12,842.73,794.62,803.64
20150227,839.73,846.94,813.27,836.72
20150217,834.31,843.93,821.08,836.72
20150213,807.25,848.14,790.41,834.31
20150206,813.27,863.18,801.24,807.85
20150130,858.97,863.78,822.29,833.11
20150123,837.92,875.2,810.86,861.37
20150116,889.64,934.74,867.39,919.7
20150109,956.99,981.04,880.02,902.27
20141231,934.14,960.6,882.42,947.97
20141226,891.44,967.21,818.08,903.47
20141219,822.29,937.75,793.42,897.45
20141212,849.95,929.33,778.39,833.71
20141205,753.13,911.29,721.86,869.19
20141128,633.46,743.51,628.05,743.51
20141121,653.91,656.31,626.85,644.89
20141114,659.92,695.4,644.89,652.7
20141107,666.54,679.77,636.47,651.5
20141031,602.79,677.96,595.58,658.72
20141024,605.8,617.83,600.39,607.6
20141017,603.99,617.83,597.98,603.99
20141010,607.0,614.22,604.6,606.4
20140930,605.2,608.2,602.19,605.2
20140926,616.62,617.22,597.98,603.99
20140919,616.62,624.44,607.6,619.63
20140912,629.85,631.66,613.02,619.03
20140905,611.21,635.27,607.0,631.06
20140829,617.83,620.23,605.2,611.81
20140822,632.26,638.27,611.81,617.83
20140815,630.45,641.88,623.84,631.66
20140808,638.87,662.33,624.44,629.25
20140801,612.41,662.93,611.21,638.87
20140725,572.72,614.82,567.91,610.01
20140718,577.54,579.94,567.91,572.72
20140711,591.37,592.57,571.52,576.93
20140704,584.75,597.38,584.15,591.37
20140627,587.76,593.77,575.13,585.95
20140620,600.39,611.21,577.54,587.76
20140613,556.19,619.63,554.68,603.99
20140606,563.7,573.23,551.18,557.69
20140530,571.22,575.73,558.19,563.7
20140523,552.18,571.72,542.66,567.71
20140516,546.16,560.7,539.65,552.18
20140509,543.66,546.16,529.13,541.15
20140430,551.18,552.68,534.64,545.66
20140425,526.12,564.71,522.11,551.18
20140418,556.19,561.2,524.62,528.63
20140411,527.62,568.72,527.62,558.69
20140404,531.13,539.65,518.1,528.12
20140328,527.12,540.15,514.59,527.62
20140321,509.08,535.64,490.04,528.12
20140314,523.61,528.12,493.55,504.57
20140307,539.65,542.66,514.09,528.63
20140228,561.2,562.7,532.63,545.16
20140221,593.77,601.29,567.71,568.72
20140214,557.69,613.82,556.19,592.77
20140207,554.68,557.69,543.66,557.69
20140130,566.71,570.72,556.19,558.69
20140124,562.7,581.74,551.18,571.72
20140117,578.74,584.25,561.2,562.7
20140110,583.25,588.76,563.7,579.74
20140103,578.24,608.3,571.22,585.25
20131227,584.75,597.78,560.2,576.23
20131220,613.82,632.86,584.25,584.25
20131213,653.91,658.42,611.31,616.32
20131206,670.95,691.99,650.9,653.41
20131129,658.92,683.47,656.91,668.94
20131122,662.93,699.01,651.4,672.45
20131115,655.41,694.0,637.37,656.91
20131108,687.98,693.5,636.87,655.41
20131101,658.92,713.54,637.37,682.47
20131025,599.28,678.96,589.26,660.42
20131018,618.83,623.34,585.25,598.78
20131011,582.75,627.85,564.21,623.34
20130930,583.75,590.77,579.74,582.75
20130927,628.85,637.37,563.7,583.75
20130918,649.9,670.95,614.32,628.35
20130913,552.68,681.97,552.68,649.4
20130905,525.62,558.69,520.11,540.15
20130830,520.11,539.65,513.59,519.1
20130823,499.56,551.18,499.56,519.61
20130816,482.52,549.67,481.02,517.6
20130809,479.52,494.55,476.01,481.02
20130802,461.98,493.55,456.46,479.52
20130726,449.95,500.56,444.44,470.49
20130719,513.59,526.62,458.97,459.97
20130712,447.44,530.63,436.92,505.57
20130705,479.01,486.03,438.92,456.96
20130628,544.16,544.16,445.44,487.03
20130621,582.18,609.75,531.13,552.68
20130614,586.88,587.51,563.08,579.05
20130607,637.62,650.15,590.01,593.77
20130531,626.97,661.74,616.01,639.5
20130524,623.53,655.47,618.2,630.1
20130517,611.94,625.09,578.74,620.71
20130510,603.48,635.74,598.47,614.44
20130503,564.64,615.07,558.38,600.04
20130426,608.49,620.71,563.08,567.78
20130419,575.29,627.28,547.42,616.01
20130412,601.92,616.64,570.91,574.04
20130403,614.76,636.68,611.62,622.59
20130329,706.53,711.22,597.22,612.25
20130322,661.74,710.91,641.07,703.39
20130315,693.68,701.83,633.55,677.4
20130308,685.23,756.01,656.41,698.07
20130301,585.32,709.97,584.06,704.33
20130222,636.99,655.16,575.61,580.93
20130208,679.28,695.88,618.2,631.98
20130201,582.18,688.36,582.18,684.6
20130125,555.25,636.68,545.54,581.87
20130118,467.24,559.01,467.24,556.19
20130111,482.58,494.8,465.98,468.8
20130104,474.13,497.31,472.25,482.9
20121228,446.88,476.32,445.63,470.68
20121221,458.15,466.61,445.0,447.82
20121214,425.27,458.15,416.5,457.53
20121207,383.3,421.51,372.96,421.2
20121130,396.77,397.08,379.85,382.99
20121123,389.88,399.59,386.74,397.39
20121116,401.46,408.98,386.74,392.38
20121109,406.16,411.49,399.59,402.4
20121102,386.12,407.1,385.18,405.85
20121026,401.15,405.22,386.12,387.06
20121019,395.51,403.66,387.68,402.72
20121012,390.5,399.59,382.99,395.2
20120928,380.48,394.26,373.28,390.19
20120921,418.06,418.06,380.79,382.36
20120914,423.7,424.64,413.05,419.0
20120907,424.33,429.97,403.03,424.02
20120831,428.71,431.85,418.38,423.39
20120824,448.45,448.76,428.71,429.03
20120817,451.89,458.15,444.37,450.64
20120810,452.83,455.65,445.94,451.26
20120803,441.24,455.65,441.24,453.46
20120727,441.24,447.82,436.54,440.93
20120720,448.76,451.89,443.12,444.06
20120713,450.64,453.14,437.8,448.13
20120706,455.96,463.79,440.93,453.14
20120629,445.0,455.96,439.36,453.77
20120621,453.14,464.42,444.37,445.63
20120615,444.06,459.72,431.53,453.77
20120608,467.86,468.8,441.55,442.81
20120601,468.18,478.83,465.04,473.19
20120525,471.31,479.77,467.55,468.18
20120518,484.46,485.09,469.43,471.31
20120511,499.18,503.26,480.39,480.71
20120504,502.63,509.52,497.93,502.32
20120427,496.99,515.16,491.04,497.62
20120420,486.03,498.87,479.45,498.24
20120413,476.95,499.18,466.92,489.47
20120406,471.0,480.39,462.85,479.77
20120330,480.71,485.09,463.17,471.0
20120323,490.73,492.61,478.83,480.39
20120316,507.64,512.65,485.09,492.61
20120309,528.0,535.83,500.75,507.33
20120302,508.27,527.06,503.88,526.43
20120224,503.26,507.33,490.73,507.33
20120217,504.82,505.45,491.35,494.17
20120210,511.4,512.03,496.99,508.58
20120203,505.45,512.65,493.55,511.09
20120120,502.94,509.52,490.1,504.51
20120109,460.03,474.13,456.59,473.19
20120106,467.24,467.24,452.83,459.72
20111230,461.29,467.86,451.89,467.24
20111223,454.08,468.18,449.38,461.91
20111216,475.69,478.83,446.57,457.53
20111209,478.2,484.78,470.68,475.38
20111202,474.44,488.54,463.79,478.51
20111125,479.14,484.46,467.24,473.5
20111118,501.38,506.7,475.69,478.51
20111111,506.7,510.46,496.05,497.93
20111104,512.34,517.35,499.5,510.77
20111028,483.21,517.66,477.89,512.34
20111021,495.11,502.32,470.68,481.02
20111014,478.51,493.55,462.85,491.35
20110930,493.55,503.88,475.07,481.33
20110923,505.45,517.66,490.41,499.5
20110916,486.34,514.53,485.09,511.4
20110909,498.87,507.33,489.47,495.11
20110901,511.4,515.16,497.31,509.21
20110826,496.99,523.61,488.54,523.3
20110819,500.44,521.73,489.16,498.87
20110812,486.97,502.0,465.98,500.12
20110805,517.66,527.69,489.16,489.47
20110729,514.53,534.89,502.0,522.05
20110722,542.72,546.79,516.1,517.98
20110715,523.61,548.98,509.52,542.41
20110708,511.09,536.46,510.46,527.69
20110701,510.77,528.0,498.24,509.21
20110624,476.95,517.35,472.25,511.09
20110617,492.29,505.76,475.38,476.63
20110610,497.31,508.89,492.61,496.68
20110603,526.12,534.58,495.43,502.32
20110527,551.18,553.37,530.19,530.19
20110520,525.81,561.2,515.78,553.37
20110513,527.06,533.95,511.4,532.38
20110506,547.42,553.99,525.81,528.31
20110429,538.96,574.04,533.32,548.98
20110422,563.7,570.28,534.26,538.33
20110415,517.04,566.84,507.95,565.58
20110408,498.87,522.99,498.87,516.72
20110401,491.67,503.57,480.39,497.93
20110325,473.81,490.73,469.12,488.22
20110318,480.08,486.03,470.06,474.75
20110311,504.51,510.46,481.02,481.64
20110304,474.13,504.2,468.49,501.38
20110225,473.81,485.4,461.29,476.63
20110218,464.11,485.4,463.79,479.45
20110211,459.72,467.24,455.02,464.42
20110201,455.02,464.11,451.58,462.54
20110128,453.46,461.29,447.19,455.02
20110121,474.13,477.89,444.37,453.46
20110114,487.28,497.31,476.32,479.77
20110107,474.44,504.51,469.12,492.92
20101231,499.5,502.94,464.73,473.5
20101224,492.29,500.44,479.77,493.86
20101217,491.04,505.14,488.22,491.04
20101210,498.87,507.64,483.21,490.73
20101203,498.56,507.64,485.72,497.93
20101126,505.14,515.16,487.91,501.69
20101119,519.23,521.42,496.05,511.71
20101112,573.1,586.25,515.47,517.35
20101105,558.07,583.75,553.68,571.85
20101029,559.95,581.87,550.86,555.56
20101022,586.57,607.24,553.06,559.01
20101015,521.42,585.94,521.42,578.74
20101008,502.0,522.05,495.74,518.29
20100929,500.12,503.57,483.52,486.97
20100921,501.06,509.52,496.05,499.18
20100917,517.98,523.93,497.31,500.44
20100910,538.33,554.93,511.4,517.66
20100903,574.04,574.04,532.38,535.2
20100629,544.29,561.51,527.06,527.37
20100625,521.11,568.4,521.11,546.16
20100618,517.35,534.89,516.1,521.42
20100611,514.53,536.14,495.74,516.1
20100604,539.59,548.98,508.89,520.8
20100528,540.21,561.51,525.81,545.23
20100521,542.72,548.04,512.03,537.08
20100514,553.68,571.53,516.41,553.68
20100507,608.49,614.76,541.15,550.86
20100430,605.36,625.09,591.27,622.9
20100423,653.91,654.85,583.75,610.37
20100416,690.55,691.8,666.12,668.31
20100409,716.86,726.26,678.02,688.67
20100402,698.07,726.26,692.74,712.79
20100326,697.13,712.48,673.33,693.37
20100319,695.56,714.98,674.27,700.57
20100312,709.34,739.1,695.56,696.82
20100305,695.88,729.39,693.06,707.78
20100226,677.71,687.42,643.57,682.1
20100212,664.24,686.79,650.78,682.1
20100205,658.92,686.17,636.68,668.0
20100129,686.79,702.45,640.13,658.61
20100122,650.15,713.42,643.26,701.83
20100115,714.98,720.62,624.15,650.15
20100108,746.93,748.81,678.96,686.79
20091231,711.85,752.25,699.32,742.23
20091224,725.94,735.03,676.77,708.09
20091218,754.45,787.02,728.14,728.45
20091211,764.16,786.71,743.17,761.65
20091204,718.74,772.92,708.72,771.36
20091127,781.38,798.61,702.14,709.66
20091120,779.5,816.15,775.43,781.07
20091113,759.14,793.6,739.41,774.49
20091106,664.87,797.98,661.74,765.09
20091030,698.7,702.77,650.15,683.04
20091023,647.33,701.2,636.68,693.37
20091016,642.94,663.93,628.85,646.39
20091009,621.02,642.94,612.25,638.25
20090930,610.06,615.38,583.44,605.67
20090925,612.88,628.85,584.38,610.06
20090918,661.74,674.27,608.49,621.02
20090911,631.98,667.37,620.39,661.74
20090904,572.16,641.69,543.97,628.22
20090828,674.58,680.53,576.55,579.05
20090821,677.08,702.45,619.45,670.19
20090814,726.88,733.46,670.82,689.93
20090807,788.58,789.21,713.42,715.92
20090730,693.68,798.92,692.12,798.92
20090724,714.04,730.33,683.66,689.93
20090717,688.36,726.26,672.07,714.04
20090710,718.43,747.24,669.88,692.43
20090703,668.0,721.56,654.22,718.11
20090626,671.13,688.05,639.5,655.47
20090619,668.0,694.31,636.68,670.19
20090605,545.54,632.92,541.47,605.36
20090527,506.7,538.02,498.87,537.71
20090522,537.08,548.36,501.38,514.53
20090515,548.98,580.3,519.23,527.06
20090508,493.55,551.49,488.22,548.36
20090430,453.46,509.21,449.07,490.1
20090424,475.38,485.72,448.76,459.09
20090417,501.38,506.7,475.38,476.32
20090410,503.57,517.66,480.39,499.18
20090403,492.61,518.92,465.67,503.57
20090327,452.2,500.44,452.2,491.67
20090320,439.36,482.58,432.47,459.09
20090313,457.84,470.06,427.46,443.12
20090306,392.38,472.25,385.49,448.45
20090226,401.15,479.45,398.96,411.17
20090220,407.42,450.95,386.12,405.85
20090213,400.21,425.89,382.67,405.22
20090206,347.28,399.9,339.45,392.07
20090123,312.51,361.06,312.51,343.52
20090116,285.27,321.6,257.08,311.57
20090109,278.69,305.62,276.5,287.46
20081231,279.63,280.57,267.1,275.24
20081226,307.82,311.26,281.19,283.39
20081219,308.13,318.15,284.33,308.76
20081212,310.95,333.81,294.98,299.36
20081205,256.76,306.25,254.26,301.87
20081128,299.67,299.99,254.57,260.52
20081121,310.95,334.44,287.46,299.36
20081114,263.65,315.65,260.84,311.57
20081107,237.35,265.53,229.52,254.26
20081031,259.79,261.23,228.95,241.1
20081024,286.05,312.07,263.64,267.98
20081017,272.07,317.37,269.67,288.94
20081010,334.23,334.23,266.77,268.46
20080926,365.55,365.8,324.36,339.29
20080919,356.4,356.4,276.89,330.62
20080912,426.27,426.27,360.74,363.39
20080905,462.41,462.41,403.62,417.59
20080829,460.72,474.21,450.12,464.82
20080822,450.6,486.02,428.68,457.59
20080815,460.0,476.38,428.2,450.36
20080808,498.06,510.83,458.79,460.0
20080801,492.28,515.41,474.45,505.29
20080725,438.56,494.21,436.15,486.02
20080718,469.63,492.52,417.11,445.3
20080711,439.52,507.22,438.56,481.68
20080704,436.63,452.77,406.27,436.63
20080627,488.43,515.41,446.51,446.51
20080620,490.11,514.93,457.59,484.09
20080613,539.5,539.5,475.66,488.43
20080606,586.0,606.96,570.82,574.44
20080530,580.46,614.19,560.95,586.0
20080523,640.69,661.89,582.39,592.51
20080516,594.92,664.3,582.87,646.72
20080509,696.11,704.54,599.25,606.72
20080430,638.52,700.44,631.06,691.77
20080425,575.64,675.39,496.14,651.53
20080418,647.92,652.74,508.42,528.9
20080411,676.11,709.36,629.85,664.78
20080403,651.53,699.96,628.65,683.1
20080328,664.06,689.6,597.57,677.8
20080321,574.44,686.23,567.93,660.69
20080314,685.99,686.47,572.75,578.29
20080307,770.79,786.69,659.97,693.7
20080229,749.83,783.56,714.9,776.82
20080222,861.14,878.73,741.88,754.89
20080215,857.53,878.0,829.1,846.93
20080205,842.83,900.89,842.59,876.8
20080201,881.86,884.03,768.62,810.55
20080125,953.9,961.12,819.22,895.83
20080118,1041.83,1043.04,915.83,963.53
20080111,898.0,1050.27,893.67,1040.15
20080104,905.71,911.49,857.77,902.58
20071228,869.81,924.02,865.96,908.12
20071221,869.33,876.8,820.42,863.55
20071214,912.46,944.02,845.72,876.8
20071207,883.79,943.54,869.57,937.03
20071130,883.55,888.12,787.66,847.41
20071123,915.35,926.19,840.66,869.33
20071116,978.71,1011.72,902.1,908.12
20071109,1062.31,1090.98,985.22,997.26
20071102,1060.63,1158.2,1043.04,1074.12
20071026,932.21,1065.45,905.71,1052.19
20071019,941.85,1020.39,910.53,937.27
20071012,977.99,1004.97,896.07,927.64
20070928,849.09,949.08,837.77,941.37
20070921,878.0,878.0,820.91,849.33
20070914,858.73,891.01,811.03,854.63
20070907,896.07,907.64,846.44,871.98
20070831,931.73,962.57,859.45,893.67
20070824,845.48,942.33,845.48,932.21
20070817,905.71,941.85,806.45,818.5
20070810,917.52,953.9,893.67,917.76
20070803,790.07,931.01,787.66,920.41
20070727,782.84,833.43,743.33,793.68
20070719,657.56,732.0,617.32,712.49
20070713,635.87,685.26,628.65,661.17
20070706,624.07,656.35,583.83,628.89
20070629,845.72,859.45,633.95,641.17
20070622,773.2,840.66,716.83,831.02
20070531,645.73,645.73,554.18,606.52
20070525,618.57,618.57,617.48,618.57
20070511,551.99,597.11,545.2,588.13
20070426,474.67,546.51,466.57,546.51
20070420,503.36,514.1,446.42,473.14
20070413,406.77,492.19,403.05,492.19
20070406,393.85,420.57,393.2,406.77
20070330,394.29,416.63,373.26,391.66
20070323,367.35,435.47,363.63,402.61
20070316,393.2,394.29,368.01,373.48
20070309,373.48,404.15,356.62,393.41
20070302,424.95,433.5,362.53,376.55
20070216,380.27,446.86,380.27,433.71
20070209,357.06,401.3,343.04,380.93
20070202,392.1,437.66,362.31,362.31
20070126,352.89,383.34,352.89,378.3
20070119,317.63,363.41,307.56,349.39
20070112,263.97,318.07,263.31,318.07
20070105,299.01,313.69,262.88,264.19
20061229,261.56,299.67,260.69,295.07
20061222,270.54,287.84,260.9,263.09
20061215,265.5,290.03,262.0,270.54
20061208,249.73,287.63,245.57,265.94
20061201,253.24,260.25,236.81,250.17
20061124,203.96,266.82,203.52,255.87
20061117,202.86,212.28,194.54,203.3
20061110,184.47,214.03,183.59,204.18
20061103,188.19,193.45,177.46,187.97
20061027,177.02,202.64,173.3,192.13
20061020,176.14,179.65,168.91,176.8
20061013,160.37,185.12,159.93,175.92
20060929,140.66,159.06,140.44,156.87
20060922,146.79,149.64,140.22,142.19
20060915,134.53,146.57,134.53,145.26
20060908,132.78,138.69,132.34,136.5
20060901,131.46,140.0,130.59,132.78
20060825,127.74,135.4,124.01,131.24
20060818,127.74,133.65,125.99,129.93
20060811,123.8,128.83,121.61,127.52
20060804,129.27,129.71,122.7,124.23
20060728,135.18,138.47,128.61,130.59
20060721,139.13,142.41,132.56,135.84
20060707,143.73,158.4,143.73,147.01
20060630,137.81,146.36,137.38,143.73
20060623,132.56,141.97,127.08,137.81
20060616,151.17,151.17,128.18,133.87
20060526,159.06,175.05,149.86,170.45
20060519,164.53,168.7,150.95,160.15
20060512,150.74,169.79,145.92,165.19
20060428,127.08,155.34,116.13,150.74
20060421,128.18,131.24,124.01,127.96
20060414,120.07,132.12,120.07,128.18
20060407,116.57,124.67,115.69,119.85
20060331,116.35,122.26,113.72,117.66
20060324,113.94,119.2,112.84,116.35
20060317,113.94,117.66,113.28,113.94
20060310,120.95,123.58,113.06,113.5
20060303,132.56,133.65,118.98,121.39
20060224,114.82,132.78,113.5,132.12
20060217,114.16,119.2,112.41,114.82
20060210,117.22,119.85,112.84,114.16
20060125,114.6,117.44,112.63,117.22
20060120,113.5,116.79,110.65,114.6
20060113,118.32,119.2,112.84,114.16
20060106,112.41,120.51,112.19,118.54
20051230,113.5,115.47,112.41,112.63
20051223,109.78,114.16,108.46,112.41
20051216,107.37,113.06,105.84,109.78
20051209,105.18,107.81,100.8,106.93
20051202,106.93,106.93,103.86,105.84
20051125,104.74,107.37,99.92,106.93
20051118,99.48,105.4,99.48,104.74
20051111,103.43,104.74,98.83,99.48
20051104,100.36,104.96,100.36,102.99
20051028,122.04,122.26,98.83,100.36
20051021,115.69,117.01,110.44,117.01
20050927,106.27,109.34,104.08,104.3
20050923,116.13,116.57,105.84,106.27
20050916,115.25,118.32,113.5,116.13
20050909,115.47,118.76,111.53,115.03
20050902,113.5,119.2,110.65,115.25
20050826,109.34,113.94,106.71,112.84
20050819,113.94,116.79,107.37,108.9
20050812,115.03,120.29,112.84,113.94
20050805,107.81,117.01,105.62,114.38
20050729,108.25,112.84,106.49,108.03
20050722,102.11,110.65,99.05,108.46
20050715,98.61,106.93,96.86,102.11
20050708,104.08,106.27,97.51,97.73
20050701,118.1,120.51,103.86,104.96
20050624,117.44,121.17,111.09,115.91
20050616,122.26,124.89,113.72,117.66
20050610,105.62,129.93,103.21,122.26
20050603,111.75,113.06,102.99,105.84
20050527,112.41,115.69,107.59,112.84
20050520,110.0,117.01,104.3,114.16
20050513,114.6,118.32,107.37,110.0
20050429,105.18,119.85,96.42,113.94
20050422,122.26,126.86,108.9,109.12
20050415,127.08,140.0,117.88,123.36
20050408,99.05,126.86,95.54,126.86
20050401,95.98,103.65,88.75,100.8
20050325,108.03,109.56,94.67,96.42
20050318,112.19,113.28,107.37,108.03
20050311,116.79,117.88,111.31,112.19
20050304,123.58,123.8,116.79,117.44
20050225,123.36,126.42,122.04,123.58
20050218,122.7,124.45,120.73,122.7
20050204,112.84,125.77,110.22,122.7
20050128,122.7,123.8,110.65,113.28
20050121,119.85,120.51,106.27,118.54
20050114,120.73,122.92,117.66,120.51
20050107,122.48,122.7,117.22,120.73
20041231,127.52,127.52,121.61,122.48
20041224,129.27,132.12,127.08,127.52
20041217,129.93,135.18,128.18,129.49
20041210,131.9,136.72,129.27,130.15
20041203,135.4,135.62,129.27,131.9
20041126,140.22,141.32,134.53,135.4
20041119,131.9,142.41,131.9,140.44
20041112,131.02,135.84,126.86,131.68
20041105,134.75,138.47,129.93,130.59
20041029,131.46,143.51,126.64,135.18
20041022,151.17,152.49,122.7,127.96
20041015,159.93,164.1,149.42,150.95
20041008,157.74,158.62,152.05,157.74
20040930,166.51,170.23,155.12,156.87
20040924,164.75,180.52,163.66,166.29
20040917,153.8,165.41,150.3,164.75
20040910,153.14,156.65,150.3,154.9
20040903,152.49,157.74,151.39,152.93
20040827,157.31,157.74,151.61,152.49
20040820,154.24,158.4,152.71,156.87
20040813,155.55,157.74,151.17,154.02
20040806,155.12,159.72,153.36,155.55
20040730,156.65,158.4,153.36,155.77
20040723,166.07,167.82,153.36,156.43
20040716,163.22,166.94,157.31,166.29
20040709,168.7,170.01,162.78,163.22
20040702,171.1,173.08,161.69,168.48
20040625,175.7,179.21,172.2,172.42
20040618,175.27,185.56,170.89,177.46
20040611,189.06,189.5,175.27,177.02
20040604,187.97,198.04,185.78,189.06
20040528,179.21,181.84,171.1,180.74
20040521,177.89,182.71,175.49,179.21
20040514,182.71,184.03,175.27,177.89
20040430,183.59,186.0,173.08,182.49
20040423,191.69,192.79,179.87,183.59
20040416,201.55,204.83,186.44,191.69
20040409,213.6,214.25,201.11,202.43
20040402,214.69,216.0,207.68,213.16
20040326,223.45,227.18,213.6,215.79
20040319,210.31,227.83,210.31,222.79
20040312,211.84,216.66,205.05,211.62
20040305,204.18,223.23,198.26,211.84
20040227,222.36,227.61,200.45,205.05
20040220,202.64,224.55,202.64,221.7
20040213,209.0,217.98,201.77,202.64
20040206,184.03,218.63,182.93,208.34
20040130,181.4,188.19,179.65,181.4
20040116,175.27,183.81,174.39,181.4
20040109,167.38,187.31,166.51,175.92
20040102,169.35,169.57,162.34,167.38
20031226,161.69,177.46,158.84,170.01
20031219,175.7,176.58,161.03,162.78
20031212,166.72,178.55,160.81,176.14
20031205,162.12,170.45,161.03,166.51
20031128,155.12,175.05,155.12,161.69
20031121,149.64,163.88,145.04,155.12
20031114,150.74,154.24,147.23,149.64
20031107,155.77,166.07,146.79,150.95
20031031,172.42,172.42,152.71,156.43
20031024,175.27,178.11,170.01,172.64
20031017,184.47,185.56,173.08,175.27
20031010,180.74,185.56,178.55,184.03
20030930,182.93,182.93,175.05,178.99
20030926,182.49,184.25,178.55,179.43
20030919,193.01,193.66,179.21,182.49
20030912,198.26,200.02,192.79,193.23
20030905,200.45,205.05,197.17,198.48
20030829,209.22,209.22,196.07,201.11
20030822,211.19,215.57,208.34,210.31
20030815,208.56,215.35,205.93,211.19
20030808,211.41,219.29,208.56,209.43
20030801,204.83,213.16,200.89,211.41
20030725,209.65,213.16,204.18,204.83
20030718,221.92,223.89,213.16,213.81
20030711,219.95,226.3,217.1,222.58
20030704,217.98,224.33,216.0,220.17
20030627,225.2,230.24,216.44,218.2
20030620,240.75,240.97,225.64,225.86
20030613,237.69,241.63,233.53,240.75
20030606,249.52,249.52,238.35,238.56
20030530,250.61,259.59,244.26,249.73
20030523,251.92,258.5,241.63,250.61
20030516,242.07,263.53,233.31,250.83
20030430,233.31,256.74,228.93,247.11
20030425,261.78,262.44,233.31,235.28
20030418,245.14,279.3,240.97,257.18
20030411,240.97,252.58,235.06,245.14
20030404,228.71,241.85,227.83,240.32
20030328,221.04,234.4,213.6,228.71
20030321,213.16,220.39,210.31,219.73
20030314,216.0,217.1,208.78,213.16
20030307,222.14,226.52,215.79,216.88
20030228,213.6,224.33,211.62,221.7
20030221,223.23,224.33,213.81,214.03
20030214,228.49,228.93,220.17,223.01
20030129,224.98,233.31,223.89,229.58
20030124,224.33,231.12,215.79,223.89
20030117,204.4,230.9,201.99,224.33
20030110,194.54,213.6,191.91,205.49
20030103,203.74,207.02,191.91,194.32
20021227,222.79,226.3,202.21,205.27
20021220,219.07,224.11,215.35,222.79
20021213,228.71,231.99,211.84,218.2
20021206,239.66,239.66,226.74,229.8
20021129,232.87,245.35,224.55,239.88
20021122,252.58,254.55,228.93,233.31
20021115,266.16,267.69,249.73,252.58
20021108,260.69,279.96,258.93,265.72
20021101,259.59,262.88,254.11,257.62
20021025,266.16,272.51,258.93,260.47
20021018,259.15,268.35,249.3,266.16
20021011,270.54,274.27,256.31,257.4
20020927,281.71,292.01,272.73,276.46
20020920,304.27,304.49,278.43,285.87
20020913,302.3,305.37,297.04,304.27
20020906,313.03,322.23,303.4,304.49
20020830,315.88,320.7,308.43,312.16
20020823,297.92,320.92,295.95,315.0
20020816,299.01,300.99,292.66,298.14
20020809,307.56,308.65,298.36,300.11
20020802,298.36,313.91,297.26,307.34
20020726,299.67,310.62,288.06,298.8
20020719,282.37,301.86,276.02,299.89
20020712,299.01,302.52,281.93,283.03
20020705,301.21,311.06,290.25,298.14
20020628,258.5,311.06,252.14,300.11
20020621,214.69,236.81,214.25,232.43
20020614,221.7,230.68,215.13,216.22
20020607,215.79,225.64,210.75,221.92
20020531,210.31,222.58,208.12,216.0
20020524,219.07,225.2,210.53,211.19
20020517,223.45,225.2,210.53,219.07
20020510,224.11,232.87,221.26,223.89
20020430,209.22,229.8,205.93,223.45
20020426,201.11,211.41,198.48,208.12
20020419,213.6,215.35,200.02,201.11
20020412,216.88,220.17,210.31,214.91
20020405,213.16,217.98,203.08,215.79
20020329,223.01,224.55,212.06,213.16
20020322,223.67,235.94,221.26,223.01
20020315,222.36,238.78,213.6,220.39
20020308,194.76,227.39,193.01,221.48
20020301,209.87,210.31,192.35,194.76
20020208,198.92,212.06,196.07,205.05
20020201,195.42,207.68,178.55,198.92
20020125,194.76,203.74,178.99,195.2
20020118,221.48,221.7,190.6,194.76
20020111,236.81,238.78,223.01,223.89
20020104,238.78,240.97,235.94,236.81
20011228,243.16,243.6,234.18,237.91
20011221,249.52,251.92,239.88,241.63
20011214,259.59,261.78,248.2,249.95
20011207,265.5,270.54,259.15,260.47
20011130,267.26,272.73,262.88,265.5
20011123,264.63,273.83,259.59,268.13
20011116,263.75,282.59,256.31,261.78
20011109,268.35,269.01,246.45,263.31
20011102,276.46,280.4,267.26,269.45
20011026,249.3,289.16,247.11,276.02
20011019,247.76,264.85,242.07,250.17
20011012,250.83,255.43,232.21,247.98
20010928,248.42,252.36,242.07,250.83
20010921,242.07,257.62,233.96,248.42
20010914,246.45,258.5,236.59,242.94
20010907,250.83,259.15,245.35,249.52
20010830,256.74,256.96,245.35,249.73
20010824,261.12,266.82,256.31,256.74
20010817,266.82,269.88,257.62,260.9
20010810,272.73,273.39,247.54,265.94
20010803,297.92,297.92,269.45,274.05
20010727,305.59,307.99,291.57,299.89
20010720,304.49,322.01,292.44,304.49
20010713,315.0,315.0,300.99,302.52
20010706,308.43,323.11,306.68,311.06
20010628,313.25,317.63,306.46,306.9
20010622,317.41,318.07,303.83,312.81
20010615,316.54,326.39,311.06,317.41
20010608,329.02,331.43,311.28,316.1
20010601,313.25,335.15,313.25,328.58
20010525,308.65,318.73,304.05,312.38
20010518,315.0,320.92,307.34,308.65
20010511,311.72,322.01,310.4,315.0
20010430,314.35,316.1,310.62,311.72
20010427,326.39,329.02,311.06,314.35
20010420,343.91,346.32,325.95,326.39
20010413,328.8,343.26,325.3,340.63
20010406,327.49,339.53,322.23,328.8
20010330,323.33,334.06,322.01,326.83
20010323,334.28,346.11,323.11,323.98
20010316,326.39,343.91,319.38,334.28
20010309,302.52,332.09,296.39,326.39
20010302,281.49,306.24,279.3,301.21
20010223,282.15,290.47,273.83,280.84
20010216,286.97,289.16,279.3,282.37
20010209,300.11,302.3,278.21,286.75
20010119,295.73,302.3,280.62,299.67
20010112,282.59,304.49,274.92,295.73
20010105,290.03,293.54,280.84,282.59
20001229,292.44,292.44,284.78,289.6
20001222,305.8,307.78,291.35,292.44
20001215,304.05,307.99,292.44,305.8
20001208,311.06,314.13,302.3,304.05
20001201,317.63,317.63,309.75,310.84
20001124,315.66,329.9,311.28,318.29
20001117,311.5,326.17,311.06,315.66
20001110,316.32,316.32,303.83,311.94
20001103,306.85,315.27,306.51,310.22
20001027,305.84,312.75,302.97,306.34
20001020,300.11,302.64,293.37,299.27
20001013,298.43,312.91,292.7,301.63
20000929,286.97,302.81,286.97,297.75
20000922,299.27,300.11,283.26,285.96
20000915,298.09,311.9,295.9,299.1
20000908,310.22,311.9,295.22,297.58
20000901,317.8,320.16,309.04,310.89
20000825,323.7,327.07,310.39,316.96
20000818,321.17,331.28,319.32,323.36
20000811,320.5,325.38,316.96,320.16
20000804,323.87,329.93,314.94,319.49
20000728,312.41,340.04,308.2,323.19
20000721,314.94,320.16,311.06,312.58
20000714,315.27,324.54,310.22,314.6
20000707,315.27,316.12,308.37,314.26
20000630,318.98,320.66,313.59,317.46
20000623,323.7,324.37,316.45,318.98
20000616,320.33,333.64,318.31,323.53
20000609,318.64,336.0,315.27,321.17
20000602,320.66,323.7,313.59,318.64
20000526,314.43,331.95,309.88,320.66
20000519,315.44,318.64,306.51,313.76
20000512,334.14,335.15,312.24,315.61
20000428,328.92,345.6,323.7,332.96
20000421,340.88,349.31,328.41,328.92
20000414,332.29,348.97,327.07,340.38
20000407,321.68,335.49,316.12,330.44
20000331,323.7,332.12,320.5,321.51
20000324,313.59,340.21,309.88,323.7
20000317,332.12,342.23,311.57,318.14
20000310,328.75,358.91,315.27,332.8
20000303,316.96,340.55,311.9,325.05
20000225,322.18,340.55,315.27,316.79
20000218,335.49,365.99,317.8,322.18
20000128,313.76,325.05,301.79,324.2
20000121,313.59,319.65,306.85,314.6
20000114,345.43,357.06,311.06,313.25
20000107,306.85,345.09,301.79,341.22
19991230,308.37,309.88,298.26,306.01
19991224,328.75,328.75,306.85,308.87
19991217,334.82,346.44,329.59,330.77
19991210,340.38,340.38,322.85,334.82
19991203,353.86,353.86,338.69,340.21
19991126,371.38,371.88,349.81,354.02
19991119,382.5,383.34,365.82,371.21
19991112,382.16,394.12,364.97,382.67
19991105,375.93,392.77,371.04,378.62
19991029,382.83,392.44,372.89,375.59
19991022,391.09,396.14,364.13,381.49
19991015,383.51,389.4,364.97,383.84
19991008,389.57,393.62,381.15,383.17
19990930,412.65,413.83,392.44,394.29
19990924,410.97,416.02,398.0,406.42
19990917,423.1,423.94,406.42,410.8
19990910,394.46,432.37,394.46,418.38
19990903,409.62,426.81,394.46,399.51
19990827,399.34,416.36,395.81,407.43
19990820,372.22,411.31,366.32,401.2
19990813,370.87,377.61,357.06,361.77
19990806,375.93,395.98,368.51,380.48
19990730,375.25,382.5,365.65,374.24
19990723,335.66,393.62,319.99,374.75
19990716,401.2,401.2,347.28,348.97
19990709,453.76,456.46,386.88,401.7
19990702,448.04,497.23,419.56,452.92
19990625,375.93,476.0,364.13,437.59
19990618,348.97,389.74,343.24,374.92
19990611,345.6,382.16,340.38,348.8
19990604,314.26,374.41,301.96,343.75
19990527,232.38,285.79,226.32,285.79
19990521,210.48,239.46,205.76,231.03
19990514,222.61,222.61,209.97,211.15
19990507,227.66,229.52,222.27,222.61
19990430,234.4,235.25,222.61,227.83
19990423,236.26,244.17,226.15,233.73
19990416,242.49,247.04,233.9,236.26
19990409,233.73,251.25,233.56,242.49
19990402,234.07,237.77,230.02,233.9
19990326,235.41,245.69,230.86,234.07
19990319,238.11,239.63,230.7,235.41
19990312,234.4,241.14,231.03,237.6
19990305,231.03,237.1,229.35,234.57
19990209,227.66,232.38,224.97,230.86
19990205,245.69,247.04,229.35,230.19
19990129,250.41,251.76,242.83,245.69
19990122,248.39,254.62,246.2,249.73
19990115,257.48,257.82,247.71,248.22
19990108,252.6,258.83,242.83,255.29
19981231,255.46,259.0,249.9,252.09
19981225,254.28,262.03,252.94,255.46
19981218,261.36,263.04,250.91,253.44
19981211,276.52,277.37,258.66,264.39
19981204,265.74,276.52,263.21,269.28
19981127,284.95,285.96,265.57,266.41
19981120,264.56,301.29,264.39,284.44
19981113,255.13,268.94,254.62,262.88
19981106,254.45,257.99,246.2,254.28
19981030,251.25,257.99,242.49,252.77
19981023,259.67,266.08,243.0,253.1
19981016,259.51,263.89,255.46,259.17
19981009,267.59,268.1,258.66,259.34
19980930,265.57,274.84,261.7,267.59
19980925,263.21,271.47,261.02,262.37
19980918,271.47,279.89,264.73,265.74
19980911,270.29,279.72,267.09,272.31
19980904,268.1,274.84,263.04,269.95
19980828,290.34,296.74,268.94,270.12
19980821,267.93,295.9,254.62,291.01
19980814,281.58,281.58,264.39,269.28
19980807,293.03,293.37,277.7,282.42
19980731,302.97,305.16,291.69,292.7
19980724,263.89,305.16,254.79,301.46
19980717,288.15,288.32,264.73,265.07
19980710,290.0,291.18,279.89,286.29
19980703,306.85,307.19,281.58,293.03
19980626,315.27,316.96,305.16,307.19
19980619,323.7,323.7,307.86,318.47
19980612,338.86,339.7,319.49,323.7
19980605,340.55,343.91,329.09,338.86
19980529,342.23,347.28,338.02,339.7
19980522,352.34,354.02,340.55,342.23
19980515,348.13,355.71,341.89,350.65
19980508,354.02,362.45,345.09,348.13
19980430,350.65,355.71,346.44,353.35
19980424,355.71,362.11,345.6,353.18
19980417,374.58,389.4,347.12,361.77
19980410,380.14,381.82,369.19,374.24
19980403,364.3,380.98,359.08,378.45
19980327,357.39,384.35,353.69,363.96
19980320,364.13,375.93,355.88,359.25
19980313,363.63,364.97,339.7,362.78
19980306,381.49,382.33,352.34,361.77
19980227,385.87,392.77,376.09,384.52
19980220,387.72,394.46,379.46,387.72
19980213,399.85,410.63,386.03,387.72
19980123,380.98,396.14,372.56,392.44
19980116,390.25,397.83,350.82,378.96
19980109,383.51,411.31,374.24,390.42
19971231,397.83,400.02,380.64,384.35
19971226,400.86,411.31,387.72,395.3
19971219,412.99,414.68,399.85,402.88
19971212,404.57,422.93,403.73,412.99
19971205,406.42,411.81,398.17,404.57
19971128,420.57,420.74,396.14,410.63
19971121,439.95,444.67,419.73,421.08
19971114,434.89,443.32,418.38,436.07
19971107,424.62,448.37,423.1,435.06
19971031,439.95,447.19,418.05,424.79
19971024,414.34,468.59,411.31,437.76
19971017,372.56,415.52,361.27,409.62
19971010,370.7,373.9,351.66,368.01
19970930,347.28,364.47,343.07,360.76
19970926,365.82,365.82,318.64,352.68
19970919,379.3,379.3,361.61,365.65
19970912,388.56,399.18,376.77,379.3
19970905,374.75,397.15,371.71,389.4
19970829,355.71,391.09,355.71,375.25
19970822,342.23,372.56,335.49,354.36
19970815,382.1,383.79,343.13,346.5
19970808,383.68,389.4,368.06,381.54
19970801,386.03,393.9,371.99,385.81
19970725,424.22,439.95,381.77,391.65
19970718,390.53,421.98,384.91,416.92
19970711,386.03,388.17,345.6,386.93
19970704,426.47,431.52,374.8,388.28
19970627,409.4,436.35,404.01,424.22
19970620,369.75,381.09,353.46,381.09
19970612,370.31,370.31,327.4,346.27
19970606,382.67,407.38,362.56,370.31
19970530,404.01,432.09,343.13,377.05
19970523,424.22,471.4,393.67,438.6
19970516,541.26,550.02,416.81,416.81
19970509,421.42,550.02,421.42,527.0
19970430,370.31,424.9,370.31,411.98
19970425,347.85,370.87,338.07,365.26
19970418,313.48,333.81,306.96,325.38
19970411,326.51,336.61,307.41,313.03
19970404,308.53,332.12,303.25,325.38
19970328,281.58,323.7,281.58,309.21
19970321,233.28,274.28,233.28,273.71
19970314,215.31,228.67,214.75,228.0
19970307,216.21,219.35,211.83,214.41
19970228,214.19,221.82,211.15,215.31
19970221,212.84,220.03,190.93,213.06
19970131,202.84,218.68,201.72,216.32
19970124,188.35,206.32,186.11,202.39
19970117,188.58,190.15,183.3,187.68
19970110,181.16,195.99,175.77,189.47
19970103,188.13,189.47,181.39,182.74
19961227,185.88,189.36,177.79,187.23
19961220,189.03,200.71,170.04,183.75
19961213,216.43,229.91,207.22,210.59
19961206,204.97,218.79,201.83,213.96
19961129,207.45,210.25,198.46,203.18
19961122,218.68,225.98,197.34,207.33
19961115,191.16,213.96,190.6,213.29
19961108,187.23,193.41,183.97,189.59
19961101,182.96,207.0,182.74,188.35
19961025,179.37,191.16,177.12,182.96
19961018,185.54,197.9,180.49,181.95
19961011,180.49,187.23,179.37,184.98
19961004,186.11,188.35,179.03,180.26
19960927,164.88,184.98,158.03,182.62
19960920,164.76,167.57,155.33,164.2
19960913,177.01,179.03,162.74,165.78
19960906,183.86,184.98,176.56,178.24
19960830,181.72,184.42,176.67,183.52
19960823,190.6,196.21,181.61,184.42
19960816,191.72,199.02,184.98,189.47
19960809,176.33,199.13,174.87,190.6
19960802,178.24,184.76,173.19,175.77
19960726,177.68,188.58,173.86,179.25
19960719,186.67,187.23,168.13,178.58
19960712,187.23,190.04,176.0,185.54
19960705,168.02,189.47,162.52,184.76
19960628,173.75,181.39,170.38,171.62
19960621,167.01,179.37,161.39,173.75
19960614,151.85,174.42,149.6,167.01
19960607,141.18,158.25,138.93,152.97
19960531,106.25,138.93,98.61,137.25
19960524,109.05,109.05,91.19,102.54
19960517,85.58,101.81,84.62,101.19
19960510,83.11,91.08,81.93,84.51
19960503,81.09,92.6,77.72,82.49
19960426,58.57,79.96,56.38,78.17
19960419,50.2,58.9,49.92,58.23
19960412,47.33,51.21,44.58,50.2
19960405,44.86,47.78,44.02,47.39
19960329,44.3,44.69,43.46,44.25
19960322,43.46,45.42,43.46,44.36
19960315,44.02,46.21,42.34,43.68
19960308,44.02,45.14,40.93,44.41
19960216,35.26,41.49,35.15,41.04
19960208,34.19,34.47,33.8,34.42
19960202,34.19,34.36,33.86,34.25
19960126,33.74,34.47,32.79,34.02
19960119,34.75,35.09,33.35,33.74
19960112,34.47,35.03,34.02,34.75
19960105,34.02,35.6,34.02,34.81
19951229,36.72,36.72,35.48,35.76
19951222,37.0,37.56,36.27,36.72
19951215,38.97,38.97,37.06,37.17
19951208,39.25,39.42,38.63,38.97
19951201,40.31,40.76,38.4,39.02
19951124,39.98,42.05,39.58,40.43
19951117,40.09,40.99,39.75,39.92
19951110,41.66,41.77,40.76,40.99
19951103,41.77,42.17,41.16,41.66
19951027,43.91,46.1,41.66,42.05
19951020,41.27,44.3,41.21,43.91
19951013,43.18,43.18,40.37,41.21
19951006,44.02,44.3,43.01,43.18
19950929,44.58,44.75,42.62,43.91
19950922,45.99,46.45,43.79,44.44
19950915,43.41,46.22,43.13,45.47
19950908,44.11,44.25,43.08,43.41
19950831,47.67,47.67,43.08,43.46
19950825,45.52,50.1,43.65,47.67
19950818,44.11,46.45,43.55,45.28
19950811,41.21,45.05,41.21,43.65
19950803,40.98,42.01,40.88,41.21
19950728,41.4,41.77,40.6,40.98
19950721,40.37,42.29,40.37,41.4
19950714,41.54,41.77,40.18,40.46
19950707,40.84,41.54,40.14,41.54
19950630,42.1,42.15,40.98,41.17
19950623,41.77,42.62,40.84,41.96
19950616,44.07,44.11,39.43,41.77
19950609,44.58,45.19,43.41,44.02
19950602,45.47,45.99,44.11,44.58
19950526,55.81,58.62,43.41,45.05
19950519,42.15,56.75,41.31,54.69
19950512,42.01,42.94,40.84,42.15
19950505,43.6,43.6,41.31,42.01
19950428,47.39,47.72,40.37,43.6
19950421,47.95,48.7,47.39,47.72
19950414,49.68,50.67,47.86,47.95
19950407,48.7,50.29,47.72,49.64
19950331,48.09,49.03,46.92,48.61
19950324,48.56,49.45,47.39,48.33
19950317,50.2,50.57,47.39,48.33
19950310,49.22,51.51,49.03,49.17
19950303,47.58,50.2,47.58,49.22
19950224,46.92,51.13,46.83,47.62
19950217,47.86,47.86,46.64,47.11
19950127,46.03,48.23,46.03,47.58
19950120,47.16,47.62,45.56,46.41
19950113,49.73,50.2,46.27,46.92
19950106,48.42,51.6,47.39,50.48
19941230,46.92,47.62,45.89,47.3
19941223,50.2,50.62,46.22,47.06
19941216,47.16,53.71,45.28,50.29
19941209,50.67,50.67,46.69,47.25
19941202,50.43,51.37,50.24,50.62
19941125,51.04,51.51,50.2,50.81
19941118,53.24,53.38,50.57,51.04
19941111,50.57,53.43,49.73,52.63
19941104,52.77,52.77,50.48,50.95
19941028,52.07,56.75,51.51,51.6
19941021,51.51,55.35,49.73,52.44
19941014,56.75,56.75,49.5,52.91
19941007,63.3,63.77,48.33,57.22
19940930,75.7,76.36,64.71,65.64
19940923,75.0,77.58,71.96,75.52
19940916,73.13,82.72,73.13,75.47
19940909,65.88,79.21,65.88,72.19
19940902,51.84,61.43,51.32,61.2
19940826,52.35,53.94,51.13,52.12
19940819,50.67,56.66,49.73,53.94
19940812,53.85,56.75,49.03,51.27
19940805,40.37,53.01,39.43,51.84
19940729,36.16,38.64,34.89,35.69
19940722,38.03,38.03,35.74,36.35
19940715,38.97,40.65,37.56,38.64
19940708,36.86,38.79,36.33,38.62
19940701,38.62,38.62,36.71,37.15
19940624,40.66,41.01,38.62,38.88
19940617,39.2,40.78,36.3,40.66
19940610,39.87,40.66,39.2,39.38
19940603,42.13,42.13,39.2,39.87
19940527,46.81,46.92,41.89,42.15
19940520,48.27,48.56,45.87,46.51
19940513,48.56,51.49,45.49,47.62
19940506,46.51,53.53,45.05,48.0
19940429,33.64,45.05,33.35,45.02
19940422,35.84,35.84,32.18,33.64
19940415,40.08,40.08,33.35,35.54
19940408,41.83,42.13,39.64,40.08
19940401,45.93,55.29,41.69,41.83
19940325,48.56,48.56,42.86,43.0
19940318,47.68,49.73,46.22,47.83
19940311,49.15,49.15,45.05,46.81
19940304,52.66,52.66,49.15,49.15
19940225,51.78,54.56,50.9,52.66
19940218,59.24,59.68,51.78,52.51
19940204,53.24,58.51,49.44,58.51
19940128,57.19,57.92,53.68,53.83
19940121,59.97,60.26,56.75,57.04
19940114,62.6,63.77,59.68,59.97
19940107,62.16,63.77,62.02,62.6
19931231,63.62,64.65,62.02,63.62
19931224,64.36,64.5,61.28,63.33
19931217,64.21,65.53,60.7,63.92
19931210,62.16,65.23,61.14,63.77
19931203,62.6,63.33,62.02,62.02
19931126,64.65,65.23,62.16,62.75
19931119,66.55,69.47,64.36,64.5
19931112,62.31,66.99,62.31,66.11
19931105,61.72,63.48,60.99,62.45
19931029,60.7,63.92,58.51,62.16
19931022,62.6,62.6,60.7,61.14
19931015,63.33,63.77,62.45,62.89
19931008,64.79,66.26,63.48,63.48
19930930,62.75,65.23,62.6,64.36
19930924,62.02,66.11,60.55,62.75
19930916,65.53,65.53,62.31,62.45
19930910,68.01,68.45,65.53,65.96
19930903,65.82,69.04,65.53,67.57
19930827,68.01,70.79,63.77,66.26
19930820,77.23,83.66,68.16,68.45
19930813,69.91,77.37,69.62,76.79
19930806,70.64,72.4,68.3,69.91
19930730,62.6,72.84,62.31,70.21
19930723,62.6,62.89,55.14,62.16
19930716,70.79,70.79,62.6,62.6
19930709,74.89,78.4,70.64,70.79
19930702,77.23,77.66,72.11,74.89
19930625,79.86,80.74,76.93,77.37
19930618,79.42,79.57,76.64,79.42
19930611,83.08,83.22,79.13,79.42
19930604,81.47,84.54,81.32,83.37
19930528,81.91,82.05,76.06,81.03
19930521,85.7,86.0,81.35,81.8
19930514,82.7,86.6,81.2,85.7
19930507,87.2,87.35,79.4,82.7
19930502,89.0,89.23,86.83,87.2
19930423,91.7,91.7,88.4,89.0
19930416,87.8,91.93,87.8,91.55
19930409,86.3,88.25,85.1,87.58
19930402,85.85,86.9,84.88,86.3
19930326,87.2,87.2,82.4,85.85
19930319,88.7,88.7,85.4,87.05
19930312,84.2,88.7,84.2,88.7
19930305,88.63,93.2,84.2,84.2
19930226,88.4,92.6,85.55,88.4
19930219,79.85,88.4,79.85,88.4
19930212,79.63,82.7,78.13,79.85
19930205,75.05,82.55,73.7,79.4
19930119,71.68,74.08,70.78,73.55
19930115,69.8,72.2,69.65,71.0
19930108,68.45,69.58,67.4,69.58
19921231,63.2,67.85,62.98,66.95
19921225,62.53,63.2,61.7,62.98
19921218,60.88,62.38,59.9,62.3
19921209,58.93,62.53,58.85,59.9
19921204,52.55,60.2,52.55,58.7
19921127,46.78,52.85,44.83,52.33
19921119,51.13,51.13,43.7,47.6
19921113,56.98,57.2,50.75,51.35
19921106,60.2,60.2,56.3,57.2
19921030,61.18,61.18,55.93,60.13
19921023,66.05,66.35,60.95,61.4
19921016,67.25,68.23,65.15,66.05
19921009,67.4,67.55,65.45,67.03
19921004,68.15,68.23,66.8,67.4
19920925,63.95,69.5,63.8,68.15
19920918,65.38,66.8,62.45,64.1
19920911,58.18,65.3,54.95,65.15
19920904,61.85,61.85,58.25,58.4
19920828,64.55,64.55,60.65,62.9
19920821,65.98,68.23,64.55,64.78
19920814,67.93,69.95,62.68,65.75
19920807,68.6,70.1,63.2,67.7
19920731,68.83,69.95,68.3,68.6
19920724,63.88,69.2,63.88,68.98
19920717,59.38,63.8,59.0,63.65
19920710,61.85,64.1,58.85,59.6
19920703,56.08,64.48,56.08,61.63
19920626,54.28,56.6,50.9,55.85
19920619,54.43,57.65,48.65,54.5
19920612,63.28,63.28,57.05,57.95
19920605,68.23,70.1,58.22,63.05
19920529,67.03,71.0,66.5,68.0
19920522,68.45,71.68,65.6,66.8
19920515,64.33,71.45,62.45,68.23
19920508,62.15,73.03,61.55,64.1
19920503,51.43,64.25,50.45,61.93
19920424,48.43,51.65,46.7,51.2
19920417,44.83,51.95,44.83,48.2
19920410,39.35,45.05,39.35,44.6
19920403,36.05,40.85,35.9,39.13
19920327,32.45,36.65,31.78,36.05
19920320,32.45,33.0,32.2,32.45
19920313,32.25,32.9,31.9,32.3
19920305,31.7,32.0,31.55,31.95
19920228,31.65,31.75,30.05,31.55
19920221,31.2,32.0,30.2,31.65
19920214,32.3,32.5,30.9,31.8
19920202,29.55,32.7,29.3,32.32
19920124,28.8,29.8,28.8,29.05
19920117,29.8,29.8,28.35,28.8
19920110,29.1,30.2,29.05,29.8
19920103,29.3,29.4,28.8,29.1
19911228,27.7,30.0,27.0,29.25
